ABR	45.45583333	-98.41333333	416.85
ENX	42.58655556	-74.06408333	585
ABX	35.14972222	-106.8238889	1809.18
FDR	34.36219444	-98.97666667	396.18
AMA	35.23333333	-101.7092778	1124
FFC	33.36355	-84.56595	291.52
EWX	29.70405556	-98.02861111	229
BBX	39.49563889	-121.6316111	62.73
BLX	45.85377778	-108.6068056	1124
BGM	42.19969444	-75.98472222	514.51
BMX	33.17241667	-86.77016667	226.6
BIS	46.77083333	-100.7605556	530.36
CBX	43.49021667	-116.2360333	962
BOX	41.95577778	-71.13686111	65.97
OKX	40.86552778	-72.86391667	55.91
BRO	25.916		-97.41896667	22.01
BUF	42.94878889	-78.73678056	236.23
CXX	44.511		-73.16643056	126.62
FDX	34.63416667	-103.6188889	1427.32
CBW	46.03925	-67.80643056	257.38
ICX	37.59105	-112.8621833	3274
CLX	32.65552778	-81.04219444	65
RLX	38.31111111	-81.72277778	365
CYS	41.15191944	-104.8060306	1882.81
LOT	41.60444444	-88.08444444	227.08
ILN	39.42048333	-83.82145	351.87
CLE	41.41321667	-81.85986667	257.56
CAE	33.94872222	-81.11827778	100.41
GWX	33.89691667	-88.32919444	175
CRP	27.78401667	-97.51125	38.72
FWS	32.573		-97.30315	232
FTG	39.78663889	-104.5458056	1705.49
DMX	41.7312		-93.72286944	329.01
DTX	42.7		-83.47166667	366
DDC	37.76083333	-99.96888889	809.43
DOX	38.82576667	-75.44011667	45.24
DLH	46.83694444	-92.20972222	465.25
DYX	32.5385		-99.25433333	477.38
EYX	35.09785	-117.56075	871
EVX	30.56503333	-85.92166667	62.67
EPZ	31.87305556	-106.698	1280.9
LRX	40.73955	-116.8027	2097
BHX	40.49858333	-124.2921667	762.13
MVX	47.52777778	-97.32555556	325.53
FSX	34.57433333	-111.1984444	2285.7
HPX	36.73697222	-87.28558333	182
TYX	43.75569444	-75.67986111	592.66
GRK	30.72183333	-97.38294444	178.98
POE	31.15527778	-92.97611111	139.36
EOX	31.46055556	-85.45938889	159
GGW	48.20636111	-106.6246944	722
GLD	39.36694444	-101.7002778	1127.82
UEX	40.32083333	-98.44194444	622.28
GJX	39.06216944	-108.2137611	3074
GRR	42.89388889	-85.54488889	262.13
TFX	47.45958333	-111.3853333	1155
GRB	44.49863333	-88.11111111	246
GSP	34.88330556	-82.21983333	321
HDX	33.077		-106.1200333	1296.87
HGX	29.4719		-95.07873333	30.49
IND	39.7075		-86.28027778	265.79
JKL	37.59083333	-83.31305556	440.75
JAX	30.48463333	-81.7019	44
BYX	24.5975		-81.70316667	22.44
MRX	36.16861111	-83.40194444	432.52
ARX	43.82277778	-91.19111111	408.92
LCH	30.12530556	-93.21588889	37
ESX	35.70135	-114.89165	1503.46
DFX	29.27313889	-100.2803333	359.73
ILX	40.1505		-89.33679167	218
LZK	34.8365		-92.26219444	193.13
VTX	34.41201667	-119.17875	850.88
LVX	37.97527778	-85.94388889	249.15
LBB	33.65413889	-101.8141667	1025
MQT	46.53111111	-87.54833333	460.07
MXX	32.53665	-85.78975	166
MAX	42.08116944	-122.7173694	2299.96
MLB	28.11319444	-80.65408333	40.67
NQA	35.34472222	-89.87333333	128
AMX	25.61108333	-80.41266667	29.27
MAF	31.94346111	-102.18925	898
MKX	42.9679		-88.55066667	307
MPX	44.84888889	-93.56552778	331
MBX	48.39305556	-100.8644444	480.07
MSX	47.041		-113.9862222	2427
MOB	30.67944444	-88.24		83.4
VAX	30.89027778	-83.00180556	96
MHX	34.77590833	-76.87618889	39.45
OHX	36.24722222	-86.5625	201.48
APX	44.90635	-84.71953333	471.23
AKQ	36.98405	-77.00736111	73
TLX	35.33336111	-97.27776111	384.72
LNX	41.95794444	-100.5762222	944
HTX	34.93055556	-86.08361111	562.06
IWX	41.35861111	-85.7		317.3
OAX	41.32036944	-96.36681944	379.91
PAH	37.06833333	-88.77194444	149.48
PDT	45.69065	-118.8529306	476.77
DIX	39.94708889	-74.41073056	65.42
IWA	33.28923333	-111.6699167	430
PBZ	40.53171667	-80.21796667	381.19
EAX	38.81025	-94.26447222	328.28
SFX	43.1056		-112.6861333	1378.68
GYX	43.89130556	-70.25636111	139.66
RTX	45.71503889	-122.965	522
PUX	38.45955	-104.18135	1630
DVN	41.61166667	-90.58083333	254.82
RAX	35.66551944	-78.48975	136.07
UDX	44.12472222	-102.83		969
RGX	39.75405556	-119.4620278	2554.54
RIW	43.06608889	-108.4773	1712.13
FCX	37.0244		-80.27396944	899.17
DAX	38.50111111	-121.6778333	39.14
MTX	41.26277778	-112.4477778	2005
SJT	31.37127778	-100.4925	606.07
NKX	32.91901667	-117.0418	316.08
MUX	37.15522222	-121.8984444	1077.35
HNX	36.31418056	-119.6321389	99.07
SOX	33.81773333	-117.636	942
ATX	48.19461111	-122.4956944	191
SHV	32.45083333	-93.84125	113.21
FSD	43.58777778	-96.72944444	450.86
OTX	47.68041667	-117.6267778	741.64
SGF	37.23523889	-93.40041944	414.53
LSX	38.69861111	-90.68277778	215.32
CCX	40.92316667	-78.00372222	753.04
LWX	38.97611111	-77.4875	118.54
TLH	30.39758333	-84.32894444	49.2
TBW	27.7055		-82.40177778	32.5
TWX	38.99695	-96.23255	426.66
EMX	31.89365	-110.63025	1616.48
INX	36.17513056	-95.56416111	223.61
VNX	36.74061667	-98.12771667	378.81
VBX	34.83855	-120.3979167	408
SRX	35.29041667	-94.36188889	220
ICT	37.65444444	-97.44305556	421.91
LTX	33.98915	-78.42910833	39.51
YUX	32.49528056	-114.6567111	68.04
VWX	38.26025	-87.72452778	185.75
DGX	32.27994444	-89.98444444	180.92
HDC     30.519306       -90.407361      43
