31.0447	-86.3119
32.4387	-86.5127
34.2803	-87.6004
30.8703	-87.8193
34.27	-86.86
34.6887	-86.0059
34.4737	-85.7214
30.4605	-87.877
31.3061	-86.3902
34.2316	-86.2481
34.6594	-87.3488
32.5105	-87.3848
32.9143	-85.9613
33.5904	-85.8479
33.5695	-86.0512
32.6	-85.5
32.6151	-85.434
30.6268	-88.0681
33.5655	-86.7449
34.2687	-86.858
30.4605	-87.877
34.6525	-86.9453
31.32	-85.45
32.4638	-87.9541
31.2982	-85.9048
33.1784	-86.7818
33.3126	-86.9263
31.9513	-85.1289
33.9726	-86.0891
31.4158	-87.0441
31.3641	-85.3125
31.346	-85.6543
34.6439	-86.7861
34.6786	-86.6848
33.902	-87.3142
30.2905	-87.6718
31.3558	-85.7511
34.86	-86.56
32.3006	-86.394
30.6883	-88.2456
34.7438	-87.5996
32.3829	-86.3658
30.3891	-87.6353
31.2758	-85.7134
33.5588	-86.2491
31.8457	-86.6108
29.05	-88.0833
33.1718	-86.3055
32.3439	-86.9878
31.3612	-85.8549
33.2119	-87.6161
31.8604	-86.0121
35.65	-112.15
32.9908	-111.9185
31.6072	-110.4281
32.4096	-111.2184
36.9599	-113.0139
33.4204	-112.6862
32.9549	-111.7668
33.27	-111.81
35.3054	-112.1947
32.166	-110.883
31.469	-109.6037
33.6883	-112.0826
32.6341	-110.6467
33.4608	-111.7283
31.5883	-110.3442
35.1403	-111.6722
32.8875	-112.72
35.9461	-112.1547
33.5269	-112.2951
32.8875	-112.7199
33.4224	-112.3736
34.5711	-114.3583
35.1574	-114.5595
35.2577	-113.933
35.0219	-110.7225
33.3078	-111.6555
34.1294	-109.3109
32.86	-114.3967
33.535	-112.383
32.51	-111.3279
32.5095	-114.4673
32.6566	-114.606
31.4208	-110.8458
32.936	-111.4265
32.2454	-109.8946
34.7301	-112.0351
34.2568	-111.3393
36.9261	-111.4484
33.4343	-112.0116
34.65	-112.42
35.6575	-109.0614
32.1422	-111.1746
32.8547	-109.6353
33.6229	-111.9105
34.8486	-111.7884
34.52	-109.38
34.2655	-110.0057
32.1203	-110.938
34.4577	-110.1118
32.6566	-114.606
36.0713	-91.8287
34.8082	-91.7121
36.4042	-90.6479
34.0998	-93.0661
33.228	-93.217
36.1247	-90.9251
36.1764	-94.1193
35.1351	-90.2344
36.37	-92.47
35.7261	-91.6472
35.9643	-89.9439
35.5978	-92.4516
33.6228	-92.7634
35.0199	-92.5551
34.047	-94.3994
35.1201	-90.8265
33.221	-92.8133
36.2909	-92.5902
35.3366	-94.3674
36.0051	-94.1701
35.94	-89.83
34.478	-93.0962
36.2615	-93.1547
35.8317	-90.6464
34.7273	-92.2357
33.64	-91.75
34.9168	-92.1465
34.835	-92.2594
35.6377	-91.1764
34.5454	-94.2026
34.5467	-93.5781
34.8331	-92.2541
34.175	-91.9347
36.3724	-94.107
35.2578	-93.0947
34.5995	-91.575
36.1919	-94.49
35.21	-91.74
34.5904	-92.4794
33.4537	-93.991
36.3457	-94.2194
36.282	-94.307
34.3667	-118.5667
35.6656	-121.2847
34.9908	-117.8631
41.4914	-120.5644
40.9781	-124.1086
33.8977	-117.6024
38.2075	-122.2804
38.9548	-121.0817
33.405	-118.4158
39.1361	-121.4366
38.3636	-119.52
35.4344	-119.0542
37.3731	-118.3636
33.6192	-114.7169
39.275	-120.7098
33.9333	-116.9667
34.2007	-118.3587
35.2805	-116.63
37.8276	-121.6244
34.1116	-117.6874
37.9916	-122.0526
41.7837	-124.238
39.7954	-121.8584
34.2138	-119.0944
33.9753	-117.6361
38.1461	-120.6482
34.0235	-118.2912
33.13	-117.28
36.8933	-121.4103
32.6261	-116.4683
34.8536	-116.7858
35.7456	-119.2365
38.1436	-122.5561
38.5794	-121.8569
37.0816	-121.5968
38.5315	-121.7865
34.9054	-117.8837
34.7664	-114.6233
40.8097	-124.1603
34.086	-118.035
33.5742	-117.1285
36.78	-119.7194
36.7321	-119.8203
40.5539	-124.1327
33.87	-117.98
39.224	-121.0031
34.5666	-117.6704
37.5136	-122.4996
33.9228	-118.3352
36.3114	-119.6232
33.734	-117.022
37.6588	-122.1212
32.8342	-115.5787
35.6587	-117.8295
34.6068	-120.0756
38.3742	-120.7943
33.259	-116.321
33.3542	-117.2509
34.2638	-116.856
35.1015	-120.6224
33.9382	-118.3865
33.8118	-118.1472
38.9092	-121.3513
34.6656	-120.4675
37.6931	-121.8149
36.9849	-120.1107
38.667	-121.4006
37.286	-120.5179
37.3805	-120.5682
38.5553	-121.2972
41.3149	-122.3171
35.059	-118.152
37.6241	-118.8388
37.6258	-120.9544
36.5904	-121.8488
34.2333	-118.0667
32.8157	-117.1396
39.102	-121.5688
33.3011	-117.3552
35.6855	-117.692
32.8292	-115.6717
32.8645	-117.1366
36.333	-119.9521
32.5631	-117.11
33.2398	-119.4582
34.12	-119.12
33.0228	-118.5885
37.4059	-122.049
33.2856	-117.4565
34.2962	-116.1622
33.676	-117.731
32.6922	-117.2098
40.2824	-121.2412
38.0304	-120.4146
36.5886	-118.0493
36.671	-119.451
40.7473	-122.9223
38.2578	-122.6053
40.9828	-122.6937
40.0167	-124.0667
37.7213	-122.2207
36.6815	-121.7617
33.22	-117.35
34.056	-117.6012
39.49	-121.62
34.2008	-119.2072
37.4611	-122.1151
34.6294	-118.0846
34.0916	-117.7818
35.6694	-120.6291
33.8297	-116.5067
36.0273	-119.0629
38.7242	-120.7533
33.9519	-117.4451
40.1519	-122.2536
40.509	-122.2934
37.33	-121.82
33.9	-117.25
33.0392	-116.9152
38.5069	-121.495
32.7339	-117.1845
34.4261	-119.8436
34.0954	-117.2349
35.2381	-120.6441
37.8942	-121.2383
34.7434	-118.7253
32.57	-116.98
32.8262	-116.9724
37.619	-122.3749
41.7737	-122.4682
37.3594	-121.9244
33.79	-118.052
38.6954	-121.5908
34.021	-118.4471
34.9	-120.45
33.6757	-117.8682
36.6635	-121.6093
37.5119	-122.2483
38.5037	-122.811
38.2627	-121.9275
40.3757	-120.5727
37.6889	-121.4416
33.8034	-118.3396
34.636	-120.6161
39.32	-120.1396
33.6267	-116.1597
35.135	-118.4392
38.8939	-119.9953
39.1258	-123.2008
34.7297	-120.5768
38.3775	-121.9575
34.5975	-117.383
34.8495	-120.5996
36.3187	-119.3929
34.2097	-118.4892
34.2593	-118.4134
34.7411	-118.2186
36.9394	-121.79
34.7275	-120.5783
38.1	-106.17
39.7939	-105.7639
40.6319	-103.8371
38.428	-105.1058
40.0537	-106.369
40.1003	-102.241
40.1046	-102.7128
40.7503	-106.2715
40.45	-106.75
39.05	-105.514
40.0956	-108.7593
37.6941	-104.7881
39.426	-107.379
38.7825	-106.2181
37.4587	-102.618
38.7578	-104.3083
38.8142	-106.1207
38.9697	-104.8128
38.2388	-108.5633
38.7864	-108.0636
40.1756	-103.222
37.4389	-105.8614
38.5383	-106.0486
39.57	-104.85
39.2232	-106.8689
40.0394	-105.2258
39.9088	-105.1172
39.7017	-104.7517
40.3544	-106.6992
38.0133	-105.3743
39.8689	-105.5533
40.4952	-107.5216
39.475	-106.153
37.303	-108.6281
39.7841	-104.5376
38.8058	-104.7008
37.45	-106.8
40.055	-105.589
38.75	-104.85
39.8328	-104.6575
37.1515	-107.7538
40.0488	-107.8859
39.6426	-106.9177
40.0102	-105.048
38.6784	-104.7566
38.9457	-104.5699
40.334	-103.8041
40.4518	-105.0113
39.7852	-104.5431
39.1342	-108.54
40.0904	-105.9113
38.5339	-106.933
40.4374	-104.6332
40.48	-107.22
40.5694	-102.2727
39.2425	-102.2854
38.07	-102.6881
38.0494	-103.5122
39.2748	-103.6659
40.1637	-105.163
39.2281	-106.3161
39.2231	-104.6422
38.505	-107.8975
38.484	-106.3168
37.2862	-107.056
38.29	-104.4983
37.7138	-106.352
39.5263	-107.7269
40.5162	-106.8663
38.8	-104.5167
37.2833	-102.6139
40.6153	-103.2648
37.2594	-104.3407
37.9538	-107.9085
37.5007	-105.1668
41.6893	-72.8646
41.9381	-72.6825
41.1583	-73.1289
41.37	-73.48
41.33	-72.05
41.7367	-72.6494
41.2638	-72.8868
41.7419	-72.1836
41.51	-72.83
41.4741	-73.1354
41.3839	-72.5059
39.2187	-75.6005
39.1295	-75.466
38.6892	-75.3589
39.6728	-75.6008
30.8458	-85.6014
30.3001	-83.0247
29.6586	-81.6889
26.7339	-81.0468
30.5979	-84.5574
29.8448	-82.0475
26.8537	-82.2526
30.7311	-86.1538
29.7276	-85.0274
27.6478	-81.3415
26.1525	-81.7753
30.8438	-85.6017
26.38	-80.11
28.4736	-82.4554
27.9434	-81.7834
30.78	-86.52
28.8673	-82.5713
27.9742	-82.7563
28.235	-80.61
30.3361	-81.5147
29.6355	-83.1048
29.1799	-81.0581
29.067	-81.2838
30.3934	-86.4674
30.3582	-85.7956
25.85	-81.3833
30.6503	-86.5229
29.0557	-80.9489
24.5561	-81.7596
26.8459	-80.2223
30.487	-85.1138
30.6118	-81.4612
29.4657	-81.2087
26.0787	-80.1622
26.585	-81.8614
27.4981	-80.3767
30.0708	-83.5815
26.2	-80.17
28.0629	-81.7533
29.6917	-82.276
30.2778	-81.8059
30.4278	-86.6893
25.4884	-80.3837
25.9996	-80.2412
26.4332	-81.401
28.8036	-82.3182
28.29	-81.44
30.4941	-81.6879
25.3243	-80.2757
27.9889	-82.0186
30.1821	-82.5769
28.82	-81.81
26.5925	-80.0848
30.8356	-85.1839
25.7667	-80.1333
27.85	-82.52
28.4294	-81.309
25.788	-80.3169
25.995	-81.6725
28.1028	-80.6453
24.7262	-81.0514
30.7044	-87.0231
30.3495	-81.867
30.5069	-86.9597
30.2342	-81.6747
30.3533	-87.318
24.5757	-81.6888
30.3914	-81.4245
30.7242	-87.0219
27.2628	-80.8498
29.1636	-82.221
25.3	-80.2667
29.3006	-81.1136
25.9102	-80.2828
28.5455	-81.3329
30.0696	-85.5754
26.6847	-80.0994
28.0002	-82.1642
30.2121	-85.6828
26.9172	-81.9914
27.91	-82.6874
26.2464	-80.111
30.4781	-87.1869
26.5381	-81.7567
27.4547	-81.3416
28.7797	-81.2436
29.9592	-81.3397
27.7651	-82.627
27.4014	-82.5586
27.18	-80.22
30.07	-85.5765
28.5148	-80.7992
30.3935	-84.3514
25.6423	-80.4347
27.9619	-82.5403
27.9156	-82.4493
28.6149	-80.6944
28.014	-82.3453
27.0716	-82.4403
30.4832	-86.5254
30.2187	-81.8767
27.6556	-80.4179
30.7799	-85.598
28.9446	-81.9698
27.8934	-81.6167
28.6226	-80.8354
27.8126	-80.4959
29.3557	-82.4719
29.4674	-81.2063
28.4677	-80.5668
28.2281	-82.1559
31.007	-84.8776
34.3404	-83.1308
34.1759	-83.5616
32.9865	-82.3857
32.8935	-81.9654
33.5977	-83.139
34.3106	-84.4239
32.3994	-83.2759
34.6301	-84.5271
33.3891	-84.3324
32.9385	-84.6964
32.5674	-84.2507
33.227	-84.2749
33.6325	-83.8496
34.6885	-85.2903
31.5355	-84.1945
32.1108	-84.1889
33.3699	-81.9645
33.9486	-83.3264
34.4998	-83.5567
31.5361	-82.5066
33.6301	-84.4418
31.2491	-82.3955
31.8847	-82.6474
30.9716	-84.6369
31.7138	-82.3938
31.3975	-84.8948
31.2588	-81.4665
33.31	-84.77
31.9888	-83.7739
34.3106	-84.4239
33.598	-83.1382
32.5161	-84.9422
33.6317	-85.1523
33.6323	-83.8474
32.1951	-81.8696
31.2132	-84.2352
34.4554	-84.9392
33.7825	-83.6928
32.5644	-82.9853
33.4668	-82.0385
34.72	-84.87
31.4767	-82.8606
34.8544	-83.9973
34.0954	-82.8175
32.2164	-83.1287
33.3553	-84.5669
33.78	-84.52
31.6839	-83.2709
34.2719	-83.8303
33.3899	-84.331
31.0559	-82.7741
33.5297	-82.5164
33.7794	-82.8158
34.1739	-83.5583
31.554	-81.8825
32.6453	-81.5971
34.4535	-84.4572
33.0089	-85.0726
31.8891	-81.5623
32.3373	-84.9913
33.9781	-83.9624
32.6928	-83.6492
33.9153	-84.5163
31.0849	-83.8032
32.3739	-82.081
33.1542	-83.2407
32.0969	-82.8794
31.1377	-83.7041
32.9667	-82.8382
32.954	-84.2594
33.8756	-84.302
32.8407	-84.8824
33.912	-84.9406
32.5106	-83.7673
34.3478	-85.1611
32.0595	-82.1536
34.0131	-84.5986
32.1314	-81.2023
32.6091	-82.3699
31.1522	-81.3908
32.01	-81.146
32.4827	-81.7369
31.429	-83.4885
34.5928	-83.2964
30.9018	-83.8811
30.9678	-83.193
32.19	-82.37
30.7825	-83.2767
34.1232	-84.8487
33.9829	-83.6674
32.6401	-83.5918
42.2497	-111.3416
48.726	-116.2952
42.316	-113.334
43.5667	-116.2406
42.5426	-113.7715
47.7743	-116.8196
43.7419	-111.0979
43.6419	-116.6358
45.9426	-116.1234
42.9172	-114.7652
43.5137	-112.0708
42.7267	-114.4566
44.5228	-114.215
46.3745	-117.0154
43.5813	-116.5231
42.1666	-112.2966
47.4548	-115.6711
43.0436	-115.8724
44.8889	-116.1017
46.1442	-115.5964
42.9098	-112.5959
43.8339	-111.8051
44.35	-112.1833
45.1238	-113.8813
44.1708	-114.9269
43.5038	-114.2956
48.2994	-116.56
42.4818	-114.4878
42.1069	-111.9126
42.6416	-111.5799
41.9913	-88.105
39.0704	-88.5335
39.1625	-89.6746
40.1587	-89.335
38.6065	-87.7267
38.8899	-90.046
41.77	-88.48
38.5454	-89.8515
40.4771	-88.9159
41.4253	-88.4186
41.0193	-89.3864
41.8588	-87.6079
37.0647	-89.2196
40.0324	-88.2755
38.5707	-90.1562
38.0895	-88.1231
39.8346	-88.8657
41.9338	-88.7057
40.1997	-87.5955
41.9078	-88.2486
38.5151	-89.0911
42.2462	-89.582
38.665	-88.4531
38.3786	-88.4126
40.938	-90.4311
37.8113	-88.5503
39.9875	-90.8042
41.5349	-87.5295
39.7746	-90.2383
41.0714	-87.8463
41.5177	-88.1756
41.6081	-88.0962
38.7643	-87.6055
37.1859	-88.7506
37.78	-89.25
41.786	-87.7524
41.4485	-90.5075
40.52	-90.65
39.4779	-88.2792
38.3233	-88.8583
37.755	-89.0111
38.7218	-88.1764
41.9875	-87.9319
40.6675	-89.6839
40.9244	-88.6239
39.6389	-90.7784
39.7	-87.67
42.1208	-87.9047
42.1915	-89.0876
41.893	-89.0783
39.016	-87.6498
38.15	-89.7
42.0458	-90.1079
38.6429	-88.9642
39.8447	-89.6839
41.7428	-89.6763
39.5342	-89.3278
40.2936	-88.1424
42.4222	-87.8679
39.9428	-91.1946
41.3519	-89.1531
39.3417	-86.0305
39.7468	-86.48
39.6336	-86.8138
40.1086	-85.613
41.6397	-85.0835
41.2747	-85.8401
39.2619	-85.8963
38.84	-86.4454
39.146	-86.6167
41.4739	-85.2541
41.3651	-86.3005
39.9756	-86.9199
38.7004	-87.1297
41.72	-86
38.0441	-87.5205
39.825	-86.2958
40.2734	-86.5622
38.5062	-86.6369
40.978	-85.1871
39.5831	-85.8048
40.7113	-86.3727
39.6354	-86.8155
41.5272	-85.7922
40.6481	-86.1521
41.3072	-85.0644
41.6163	-87.4128
39.3417	-86.0305
39.6276	-86.088
40.8529	-85.4571
39.3445	-85.2583
38.25	-86.95
39.4515	-87.3076
38.7589	-85.4655
39.7084	-86.3048
38.3654	-85.7382
40.4148	-86.9333
40.7088	-86.7668
41.7033	-86.8212
40.2425	-85.3958
39.8435	-85.8971
40.4899	-85.6797
40.5282	-86.059
41.3302	-86.6648
40.4508	-84.9901
41.5725	-86.7345
41.0655	-86.1817
39.7572	-84.8428
40.9479	-87.1826
41.7072	-86.3164
41.144	-85.1492
40.0306	-86.2514
39.935	-86.045
39.8767	-85.325
41.454	-87.0071
41.6994	-94.9204
41.4059	-95.0465
42.5544	-92.4013
41.9904	-93.6185
41.2751	-91.6748
43.0796	-94.2724
42.0486	-93.8486
40.7729	-91.1255
42.743	-93.7593
41.2611	-95.7604
43.073	-92.6132
41.8829	-91.7246
42.0444	-94.7889
42.7304	-95.5538
41.0184	-93.3608
41.0188	-94.3608
41.8295	-90.3328
42.3984	-90.7091
43.2755	-91.7433
41.9842	-95.38
41.534	-93.6531
41.6133	-90.5948
42.4392	-93.8691
40.4615	-91.4274
43.4008	-94.7476
41.0521	-91.9834
42.5497	-94.2032
40.6615	-91.3267
43.2323	-93.6237
41.7097	-92.7332
41.5834	-95.3355
42.7175	-93.2244
41.0472	-93.6876
40.7242	-95.0223
42.4691	-93.2651
42.4544	-91.9504
41.6878	-93.5695
41.6394	-91.5445
42.7754	-96.1922
40.6306	-93.9005
43.1544	-93.3261
42.1106	-92.9163
40.9453	-91.5122
41.367	-91.1406
42.2204	-91.1605
42.6831	-91.976
41.2273	-92.4919
42.9895	-96.0606
41.1008	-92.4446
41.2984	-93.1114
41.3989	-92.9431
41.8278	-94.1637
41.0106	-95.2624
40.7533	-95.4112
43.2082	-95.8353
42.5972	-95.2399
43.1682	-95.2101
42.3917	-96.3795
42.9858	-96.1614
41.6701	-93.019
40.6832	-92.8983
42.2176	-92.0248
37.8519	-96.2929
37.4969	-100.8329
37.7744	-97.1132
37.9695	-101.2554
37.6716	-97.0779
37.9917	-101.7463
38.4575	-101.3509
37.2281	-99.3309
37.75	-97.22
39.8401	-101.042
37.6945	-97.215
39.4274	-101.0466
37.094	-95.5719
39.55	-97.65
37.6703	-95.4842
37.7631	-99.9654
37.325	-97.3883
37.0008	-101.88
38.3306	-96.1897
37.7741	-96.8176
38.0582	-97.2745
39.3683	-94.9147
38.9509	-95.6636
39.0526	-96.7645
37.7984	-94.7694
38.3442	-98.8592
37.9275	-100.7244
39.3672	-101.6933
39.3756	-99.8297
37.1631	-101.3705
38.0655	-97.8606
38.8422	-99.2732
37.623	-97.2673
37.65	-97.43
37.1584	-95.7784
38.8309	-94.8903
37.5782	-101.7304
39.7611	-98.7934
39.9042	-95.7794
37.8682	-95.3869
37.0442	-100.9599
39.0077	-95.2115
38.3403	-98.2286
39.1353	-96.6778
38.3524	-97.6913
39.8553	-96.6306
39.8504	-99.8947
39.1017	-100.8166
39.8339	-100.5393
38.85	-94.7392
38.5409	-95.2542
37.2839	-98.5528
39.7358	-99.3171
37.3278	-95.5042
37.4495	-94.7311
37.7016	-98.7469
38.8721	-98.8118
38.791	-97.6522
39.7611	-101.7959
39.07	-95.62
38.4782	-100.8822
38.3025	-95.725
37.604	-101.3736
37.1681	-97.0369
36.6106	-83.7374
38.2344	-84.4347
37.3559	-87.3982
37.3363	-88.1097
37.6352	-85.2418
37.3569	-85.3151
37.8143	-85.4996
36.9645	-86.4197
36.795	-84.1995
36.6646	-88.3728
37.3874	-83.2616
39.0431	-84.6717
37.5779	-84.7697
38.5545	-82.738
37.8078	-87.6857
36.8553	-84.8561
37.686	-85.925
38.1847	-84.9033
38.5418	-83.7434
37.9071	-85.9721
37.3344	-88.1095
37.0318	-85.9538
36.6686	-87.4962
36.857	-87.4551
36.8593	-83.3585
37.6308	-84.3323
38.0575	-83.9829
37.5914	-83.3144
37.751	-82.6367
38.7041	-84.3918
37.953	-86.8592
38.0408	-84.6058
38.228	-85.6637
37.087	-84.077
37.2262	-87.1564
36.7691	-88.5847
37.7388	-87.1668
37.0563	-88.7744
37.5587	-82.5674
37.6315	-84.3324
38.1774	-85.7308
37.751	-82.6367
37.0536	-84.6156
38.215	-83.5874
37.5408	-87.9518
29.9758	-92.0842
31.562	-91.5065
29.35	-89.4333
29.409	-90.288
28.22	-91.68
32.0717	-93.764
29.8	-92.804
30.2427	-92.6735
29.78	-93.18
30.4411	-93.4736
29.9527	-90.0827
29.6931	-91.0986
29.78	-92.13
29.7833	-93.3
28.3	-91.9833
29.1	-90.2
30.75	-92.69
31.3347	-92.5586
27.546	-92.44
27.2264	-91.19
30.086	-90.5842
31.3569	-93.1761
30.0292	-91.8845
30.3433	-89.8222
27.1956	-90.0269
29.917	-90.1299
29.25	-89.9667
32.5019	-93.6626
31.0964	-92.9781
32.7561	-91.8806
30.5372	-91.1469
29.3333	-89.4075
30.8137	-89.865
29.4406	-92.9792
29.784	-93.3
30.2106	-93.1432
28.1667	-89.2167
31.1106	-93.1533
30.83	-93.34
28.35	-88.2667
32.5402	-93.745
28.0833	-92.7
28.429	-92.878
28.634	-91.489
31.3963	-92.2827
28.03	-89.1
28.22	-92.784
29.4448	-90.2611
27.2039	-92.2025
27.84	-91.99
28.23	-88.99
27.625	-90.441
28.5333	-90.9833
28.4667	-93.7333
28.18	-88.48
30.52	-90.42
29.5665	-90.6604
30.7183	-91.4787
31.7357	-93.0991
28.085	-87.9858
29.9758	-92.0842
26.2367	-91.2567
30.1727	-90.9406
30.1255	-93.2277
30.1986	-91.9896
29.364	-89.438
28.6425	-89.7942
27.52	-90
32.5109	-92.0377
32.646	-93.2981
29.9933	-90.2511
28.6967	-89.3958
29.8253	-90.035
30.0424	-90.0282
30.5584	-92.0994
28.87	-90.49
29.559	-91.525
31.0448	-93.1916
29.7096	-91.339
27.53	-92.43
27.78	-90.63
30.1667	-90.9333
32.5144	-92.5883
28.5333	-90.5833
29.1158	-91.8711
32.4472	-93.8244
28.599	-91.206
28.083	-90.819
29.1167	-91.8667
28.16	-90.666
29.6692	-95.0641
27.33	-90.71
32.3481	-91.0299
30.1314	-93.3761
29.4783	-93.6383
29.248	-88.441
29.467	-92.368
29.229	-87.781
28.27	-92.264
29.15	-93.35
26.93	-90.5
27.7667	-91.5167
27.946	-90.9969
29.18	-94.521
29.123	-90.202
46.609	-69.531
44.9919	-70.6646
44.32	-69.8
44.8074	-68.8281
44.4496	-68.3613
43.8923	-69.9388
46.87	-68.02
44.9101	-67.0127
47.2855	-68.3127
45.4622	-69.5953
46.1231	-67.7921
43.9614	-69.7126
43.9911	-70.9479
44.0485	-70.2835
45.6478	-68.6856
43.8922	-69.9386
44.9525	-68.6743
46.689	-68.0448
43.6424	-70.3044
44.0601	-69.0993
43.3939	-70.708
44.5332	-69.6755
39.5682	-76.203
39.5803	-79.3394
38.3154	-76.5501
38.8108	-76.867
39.4662	-76.1688
39.1733	-76.6841
39.6154	-78.7609
38.5393	-76.0304
38.9806	-76.9223
39.28	-76.61
39.6083	-77.0077
38.8042	-76.069
39.4176	-77.3743
39.0854	-76.7594
39.1683	-77.166
39.7078	-77.7297
39.3257	-76.4138
38.9913	-76.4891
38.286	-76.4118
38.146	-76.4285
38.3083	-75.1239
38.9701	-75.8663
39.645	-77.468
38.3405	-75.5103
38.9764	-76.3296
42.0008	-71.198
41.2531	-70.0603
42.6962	-73.1702
42.1578	-72.7161
42.47	-71.289
42.3606	-71.0097
42.5841	-70.9161
42.194	-72.5348
41.6875	-69.9933
41.6764	-70.9583
42.5519	-71.7558
41.6585	-70.5215
42.0982	-70.6721
41.67	-70.28
42.7172	-71.1234
42.2121	-71.1142
41.3931	-70.615
42.5701	-72.2886
42.2673	-71.8757
42.1912	-71.1733
42.4272	-73.2892
42.07	-70.22
41.909	-70.7288
41.8756	-71.0211
43.1274	-85.6791
44.9886	-85.1984
41.8677	-84.0773
43.3221	-84.6879
46.4792	-84.3684
45.0717	-83.5644
42.224	-83.7397
42.2347	-85.5519
43.7802	-82.9854
42.1286	-86.4285
45.1658	-84.9241
42.7461	-86.0967
42.3073	-85.2515
44.2753	-85.4189
43.4588	-83.4454
46.25	-84.47
47.1684	-88.4891
45.3047	-85.2747
43.0666	-83.2723
42.4092	-83.0099
46.0093	-83.7439
42.23	-83.33
41.7358	-83.6553
46.3111	-85.4572
45.7227	-87.0937
43.4393	-85.9949
44.6252	-86.2008
42.9667	-83.7494
42.5745	-84.8114
45.0135	-84.7036
44.68	-84.73
42.8821	-85.523
41.9598	-85.5934
44.3598	-84.6711
43.4334	-83.8623
43.6629	-84.2613
45.8184	-88.1146
41.8133	-85.4389
45.9746	-86.1718
46.5275	-90.1314
42.2598	-84.4594
41.9213	-84.5858
42.78	-84.58
43.9625	-86.4079
42.3508	-86.2561
44.2725	-86.2469
43.53	-84.08
45.865	-84.6372
45.4256	-84.9134
43.1711	-86.2367
45.1266	-87.6384
43.6217	-84.7372
42.6083	-82.8355
41.9333	-85.0525
42.0991	-83.1615
44.4515	-83.3942
42.6294	-83.9822
46.4119	-86.6508
44.0219	-82.7931
47.4669	-87.875
45.95	-86.23
42.911	-82.5289
45.5709	-84.7967
42.6655	-83.4201
45.4071	-83.8129
42.2512	-84.9554
42.9929	-84.1389
43.7226	-85.5041
46.3536	-87.3954
45.6923	-85.5666
45.6537	-84.5193
42.5658	-84.4232
41.9399	-83.4347
44.7416	-85.5824
42.5429	-83.1779
44.2448	-84.1798
42.938	-85.0606
42.2379	-83.5304
46.0229	-92.8952
45.8983	-94.8739
44.9975	-92.8557
47.2605	-95.9281
44.0198	-92.4831
44.0735	-93.5529
46.4503	-95.211
43.6815	-93.3672
46.5484	-93.6768
45.1449	-93.2102
45.2275	-96.0043
43.6647	-92.9333
45.8663	-95.3947
45.3319	-95.6506
48.7284	-94.6122
45.1177	-95.1304
47.2521	-91.4098
47.5094	-94.9337
46.4047	-94.1308
45.5575	-93.2642
48.266	-92.483
45.159	-93.8433
47.8383	-90.3829
47.8417	-96.6214
44.7295	-96.266
46.7011	-92.5036
47.8219	-92.6894
45.7066	-94.9334
46.8421	-92.1936
46.8252	-95.8856
43.9868	-95.7826
44.9864	-96.1779
46.7219	-92.0434
47.8287	-91.8371
45.7805	-96.5435
47.4251	-92.4981
44.3247	-93.3108
44.8261	-93.4607
46.2844	-96.1567
49.3183	-94.9028
43.6767	-92.1797
47.7828	-93.6502
43.6439	-94.4156
47.5928	-95.7735
44.7533	-95.556
45.6439	-95.3204
47.7453	-90.3457
47.2111	-93.5097
44.756	-94.0812
44.8599	-94.3825
48.7527	-96.943
47.3866	-92.839
46.6188	-93.3098
45.1157	-95.0888
48.5595	-93.3956
46.8393	-96.664
45.8861	-93.2718
43.9863	-94.5579
45.0971	-94.5072
44.6252	-93.2273
45.9492	-94.3469
43.6212	-96.2158
45.236	-93.9856
45.0622	-93.3511
43.65	-94.9866
44.22	-93.92
44.45	-95.82
45.566	-95.9672
44.8854	-93.2313
44.969	-95.7102
43.9134	-95.1094
46.4186	-92.8048
44.0772	-91.7083
48.0159	-92.856
43.6551	-95.5792
44.7786	-95.0328
44.1233	-93.2606
47.588	-90.8231
45.3723	-94.7466
46.9	-95.07
45.5599	-93.6082
43.9821	-96.3004
46.7248	-94.3817
44.5915	-92.4868
45.698	-92.953
48.856	-95.6971
48.9414	-95.3483
43.9041	-92.4916
44.5469	-95.082
46.0895	-94.3575
46.3809	-94.8066
44.8571	-93.0329
45.5433	-94.0513
44.9345	-93.06
44.4736	-93.0145
44.2491	-95.6072
44.018	-92.8315
48.0657	-96.185
47.0492	-91.745
44.32	-94.5
45.3057	-96.4244
48.1539	-94.5167
46.99	-94.2039
47.1595	-94.6453
45.9861	-95.992
34.4917	-88.2011
31.297	-89.8128
34.7723	-88.1659
31.6058	-90.4093
33.465	-89.7302
30.4104	-88.9244
33.6438	-88.4438
34.2997	-90.5123
34.915	-88.6035
29.1214	-89.5472
33.4829	-90.9856
33.8325	-89.7982
30.4073	-89.0701
33.4503	-88.5914
33.4943	-90.0847
31.2649	-89.2529
31.6137	-91.2973
32.3348	-90.2225
30.3678	-89.4546
33.4857	-90.6789
28.5208	-88.2889
32.32	-90.08
32.3045	-90.4105
33.1462	-89.0625
31.673	-89.1728
32.3045	-90.4105
33.8738	-88.4897
32.4384	-90.1014
31.18	-90.47
32.3348	-88.7511
29.296	-88.842
30.4875	-89.6512
32.799	-89.126
28.2206	-89.615
32.7962	-88.8317
32.5521	-88.5556
34.9788	-89.7869
31.4671	-89.3371
34.3635	-89.8929
30.4636	-88.5319
33.7611	-90.7579
33.4331	-88.8486
34.2608	-88.7711
34.3843	-89.5368
34.6811	-90.3467
32.2391	-90.9282
38.096	-92.5495
36.5321	-93.2005
39.8233	-93.5792
37.2253	-89.5708
38.8169	-92.2183
38.7074	-93.1759
40.3525	-94.915
39.7276	-94.2764
37.761	-90.4286
36.6985	-93.4022
38.5876	-90.9938
38.3566	-93.6842
39.3325	-94.3096
37.974	-92.6912
39.7252	-91.4439
36.9062	-94.0128
40.0972	-92.5433
38.5912	-92.1561
37.1522	-94.4952
37.8687	-89.8621
37.6483	-92.6524
38.611	-94.3421
38.9597	-94.3714
36.6005	-89.9922
39.464	-92.4244
39.2976	-94.7139
39.0955	-93.2028
39.123	-94.593
39.1575	-91.8183
37.974	-92.6912
37.8667	-89.8651
36.7739	-90.3249
38.3469	-93.3454
38.7842	-93.8029
38.93	-90.43
37.2397	-93.3897
36.9027	-89.5577
39.7719	-94.9097
38.7524	-90.3734
38.6572	-90.6558
38.7303	-93.548
37.7416	-92.1407
36.2259	-90.0366
36.8784	-91.9027
38.2335	-91.1643
38.9467	-92.6827
38.13	-91.77
45.7444	-107.6604
47.33	-112.1
46.45	-109.8
46.7	-109.7333
46.2712	-106.6239
46.3867	-112.7646
46.6667	-113.15
46.42	-109.84
47.6	-115.37
46.1531	-112.8678
47.4186	-105.5619
45.8063	-109.9736
45.7031	-108.7611
47.8451	-110.6365
47.5683	-114.1001
45.5338	-112.3026
46.5041	-110.9133
48.9738	-115.0764
48.6014	-113.1148
48.8078	-105.4361
45.8827	-111.5619
46.3476	-104.2594
45.8069	-108.5422
45.9548	-112.4975
45.7881	-111.1608
47.8283	-112.1683
48.6084	-112.3762
45.2554	-112.5525
45.2718	-111.6486
47.1387	-104.8072
47.5047	-111.1873
48.2138	-106.6214
48.3042	-114.2636
47.4733	-111.3822
46.6056	-111.9636
46.25	-114.15
46.2546	-114.1246
48.5428	-109.7633
47.3258	-106.9475
45.7	-110.45
47.0492	-109.4667
45.8528	-106.7093
48.3689	-107.9179
46.428	-105.8862
46.9208	-114.0925
46.8381	-108.9368
48.0945	-105.575
48.1344	-105.1621
48.7886	-104.5232
46.475	-108.5434
45.5354	-112.3023
47.4736	-114.9071
48.2838	-115.4902
48.5921	-109.2506
48.1533	-104.5041
48.5407	-111.8712
47.7069	-104.1926
47.5735	-115.2807
44.65	-111.1
44.6884	-111.1176
41.5118	-103.995
41.59	-103.6706
41.3251	-102.8289
42.1122	-98.0398
40.6069	-95.8657
41.2406	-96.5946
42.0572	-102.8
42.5792	-99.993
40.8941	-97.9946
41.4366	-99.6385
41.874	-103.5956
40.3013	-96.7541
41.4148	-96.109
41.7286	-98.0558
42.8376	-103.0954
40.307	-100.162
40.8696	-100.0042
40.727	-99.0068
41.45	-96.52
40.0788	-95.592
40.8695	-101.7329
40.9675	-98.3096
42.806	-102.1753
40.4521	-99.3365
40.1522	-97.587
40.6052	-98.4279
41.1881	-103.6774
40.5103	-101.6202
40.8968	-97.6228
41.1219	-100.669
42.2419	-96.9814
40.8312	-96.7633
40.7904	-99.7759
40.2063	-100.5921
41.196	-96.112
41.6236	-98.9517
41.1183	-95.9125
41.9855	-97.4351
41.1195	-101.7697
41.448	-97.3426
41.3103	-95.8992
42.4697	-98.6881
40.9502	-95.9179
41.1014	-102.9847
41.9622	-100.569
41.7635	-96.1779
42.8567	-100.5489
39.6042	-116.0051
41.9532	-116.1876
41.1167	-114.9667
41.666	-115.784
40.6	-116.8667
40.599	-116.8743
37.6142	-116.2642
35.9475	-114.8611
39.1923	-119.7326
36.6206	-116.0278
40.8242	-115.786
39.295	-114.8453
35.9729	-115.1344
38.5448	-118.6315
36.5872	-115.6734
36.0719	-115.1634
40.0684	-118.5701
36.2362	-115.0342
38.9963	-119.75
39.4166	-118.701
37.6122	-114.5264
39.6014	-116.0056
39.4839	-119.7711
39.6682	-119.8764
39.4643	-117.1971
38.0505	-117.0904
39.5	-117.0833
36.2107	-115.1944
40.9019	-117.8072
43.7792	-71.7537
42.8051	-72.003
42.7818	-71.5148
44.5761	-71.1786
43.1953	-71.5011
43.28	-70.92
42.9	-72.27
44.3659	-71.5522
43.5735	-71.4215
43.6261	-72.3042
42.9328	-71.4358
44.2708	-71.3035
43.0779	-70.8233
41.0089	-74.7367
39.4576	-74.5772
40.18	-74.13
40.8764	-74.2831
40.6827	-74.1693
41.2002	-74.623
40.6174	-74.2446
39.3661	-75.0783
39.9275	-74.2924
40.7994	-74.4149
40.0334	-74.3536
40.6239	-74.6694
40.859	-74.0562
40.2768	-74.8159
39.9429	-74.8457
40.0156	-74.5917
39.0085	-74.9083
34.9856	-106.0095
34.1	-105.68
34.3	-103.8
34.9833	-106.05
35.8	-107.1833
31.881	-106.7048
35.0419	-106.6155
35.1452	-106.7952
32.8399	-105.9906
32.8525	-104.4677
36.422	-105.2899
34.646	-106.836
36.4486	-103.1539
32.3375	-104.2633
35.0028	-105.6628
34.4251	-103.0793
34.3828	-103.3222
32.2623	-107.7206
31.8804	-106.7032
36.9	-106.5833
34.6452	-106.8337
36.7436	-108.2292
35.1673	-107.9021
35.5111	-108.7893
32.7667	-103.2167
32.8519	-106.1085
32.6875	-103.217
35.8798	-106.2694
32.2894	-106.922
32.3335	-108.6917
35.6542	-105.1424
32.07	-106.15
36.8	-105.6
34.0225	-106.9031
33.3	-104.53
36.7415	-104.5022
35.6171	-106.0894
36.4582	-105.6724
33.4628	-105.5348
32.6366	-108.1564
34.9357	-104.6426
35.1828	-103.6032
33.2367	-107.2681
35.0606	-108.93
42.914	-76.4408
42.7576	-73.8036
43.9888	-76.0262
42.2086	-75.9797
42.9408	-78.7358
42.4933	-79.272
42.5709	-77.713
42.1571	-76.8994
42.1078	-77.9842
40.8436	-72.6318
40.7288	-73.4134
43.3504	-76.3831
43.3412	-73.6103
44.0556	-75.7195
43.0317	-78.1675
41.0669	-73.7075
40.96	-72.25
40.8217	-72.8689
43.1073	-78.9462
40.7939	-73.1017
42.491	-76.4584
42.9089	-77.3252
40.6386	-73.7622
42.1534	-79.258
40.9594	-72.2517
40.7012	-74.009
40.7794	-73.8803
41.5092	-74.265
44.9358	-74.8456
41.7016	-74.795
41.0731	-71.9233
42.5929	-76.2174
42.9982	-74.3296
40.779	-73.9692
44.6819	-75.4655
42.5666	-75.5241
42.2412	-78.3714
44.6382	-73.4624
42.6441	-77.0529
44.6875	-73.5245
41.6266	-73.8842
44.6757	-74.9469
43.2239	-75.3953
43.1167	-77.6767
42.85	-73.93
43.2346	-77.1195
44.3853	-74.2062
41.5041	-74.1048
43.1112	-76.1063
43.1451	-75.3839
42.8434	-75.5612
42.5084	-78.6581
35.22	-83.42
35.3159	-83.2071
35.6667	-75.9
35.7045	-79.504
35.5624	-75.9552
34.7179	-78.0036
35.0206	-80.0771
35.1967	-81.1558
36.3	-77.17
35.4319	-82.5375
36.0485	-79.4749
35.2226	-80.9543
34.2753	-78.7146
34.9756	-78.3644
35	-77.98
36.2577	-76.1716
36.0277	-76.5671
35.2556	-81.6011
35.0169	-80.6206
35.9373	-77.5465
35.0675	-77.0472
35.7811	-80.3038
34.6	-78.58
34.9912	-78.8803
35.1318	-78.9367
36.02	-75.67
35.4282	-81.9351
36.43	-81.42
35.3394	-77.9606
36.0975	-79.9436
35.4606	-77.9649
35.6545	-79.8948
35.0367	-79.4974
35.7412	-81.3896
36.36	-78.53
35.3786	-78.7336
35.2322	-75.6225
35.9333	-79.0642
34.27	-77.9
36.1337	-80.222
35.4833	-81.1612
35.33	-77.61
36.3298	-77.6352
35.5409	-78.3903
35.3878	-80.7091
34.61	-79.06
36.0233	-78.3303
35.8622	-77.1782
34.7919	-79.3658
35.919	-75.6955
34.7336	-76.6606
35.82	-81.61
36.46	-80.55
35.0222	-76.4625
34.7084	-77.4397
34.694	-77.0294
34.9	-76.88
35.2378	-79.9956
34.8292	-77.6121
35.57	-77.05
36.3999	-76.0154
35.6352	-77.3853
35.1709	-79.0145
34.89	-79.76
35.8922	-78.7819
35.1952	-83.863
35.6459	-80.5203
35.8562	-77.8919
36.44	-77.71
35.7043	-79.5043
36.4372	-79.851
35.2372	-79.3911
33.9292	-78.0747
35.765	-80.9539
36.2849	-78.9842
36.2	-81.65
36.007	-78.9373
35.58	-79.1
36.2228	-81.0983
35.4167	-80.1508
35.2225	-78.0375
48.8844	-99.6208
48.3008	-102.4064
47.75	-101.67
48.41	-101.89
48.79	-102.27
48.82	-101.28
46.9252	-103.9821
48.7837	-97.632
46.1731	-98.0799
47.4511	-99.1513
47.7912	-99.9318
46.2206	-100.2456
48.9406	-97.9028
48.48	-99.2364
47.3928	-102.7707
46.9412	-98.018
46.7727	-100.7458
46.187	-103.4281
46.2441	-96.6074
46.1655	-103.3007
48.8305	-100.4173
48.9285	-103.2973
48.7531	-98.3937
46.8128	-101.8602
48.3803	-102.8974
46.7973	-102.8019
48.1146	-98.9083
46.9253	-96.8111
48.4047	-97.3709
47.9492	-97.1761
46.2187	-97.6435
46.0149	-102.656
47.2899	-101.581
48.1738	-103.6366
46.93	-98.68
48.4158	-101.358
48.2594	-101.2803
47.6458	-101.4394
46.1	-97.15
47.9611	-97.4012
48.3904	-100.0243
47.7966	-103.2552
47.4228	-98.1059
48.2597	-103.7505
46.768	-100.8944
40.5372	-81.9544
41.2102	-81.2516
40.3594	-80.7001
40.3289	-82.5261
41.0375	-81.4669
40.7069	-84.0267
40.4934	-84.2989
40.8748	-81.8882
41.5175	-81.6833
40.9161	-81.4422
39.975	-81.5776
41.5651	-81.4864
41.405	-81.8528
39.9914	-82.8808
39.9061	-84.2186
41.3375	-84.4288
40.2797	-83.1148
40.3723	-83.8192
41.0136	-83.6686
39.8261	-84.0483
39.6907	-83.9928
39.3638	-84.5219
41.778	-80.6955
39.691	-83.992
39.5704	-83.4205
40.31	-81.85
38.9814	-82.5778
39.2589	-84.7743
39.4664	-84.2532
39.0784	-84.2102
40.1326	-83.7534
40.6107	-83.6436
39.4203	-83.8217
38.9814	-82.5778
39.8138	-82.9278
39.7556	-82.6571
41.684	-81.3898
41.3461	-82.1794
39.1033	-84.4186
40.82	-82.52
39.589	-84.2249
40.6162	-83.0635
40.2247	-83.3516
39.531	-84.3953
40.08	-83.08
41.0356	-83.982
39.5022	-84.7844
41.5163	-82.8687
40.4719	-81.4236
38.8405	-82.8473
41.2102	-81.2516
39.4404	-83.0231
41.2957	-83.0372
39.8403	-83.8402
41.5631	-83.4764
41.5886	-83.8014
39.9012	-83.1369
39.2119	-82.2293
41.6101	-84.1272
39.9327	-83.462
40.2044	-84.5319
40.8633	-84.613
40.0247	-82.4618
41.2544	-80.6739
39.9444	-81.8921
34.147	-97.1226
36.5464	-95.0135
33.9094	-94.8594
34.8043	-96.6712
34.3032	-97.0195
34.4	-96.15
36.7732	-98.67
34.6988	-99.3385
36.7451	-97.3496
36.7625	-96.0112
35.0974	-97.9677
35.5383	-98.9327
35.7238	-96.8203
35.3398	-99.2005
35.9499	-96.7731
33.9423	-96.3945
34.47	-97.96
35.4308	-99.3943
36.3392	-97.9165
34.3531	-98.9876
34.6449	-98.4033
36.2955	-99.7764
36.29	-95.48
36.6068	-94.7386
35.8498	-97.4156
36.6817	-101.5053
35.2891	-95.0939
36.2254	-95.3301
34.9913	-99.0514
34.0348	-95.5419
35.6019	-97.7092
35.4381	-94.8028
35.8647	-98.4208
34.5677	-98.4166
34.6671	-99.2667
36.9092	-94.8875
35.6567	-95.3614
34.8822	-95.7831
35.5448	-98.6685
35.3889	-97.6006
35.67	-95.95
35.2435	-97.4708
36.1753	-96.1518
36.73	-97.1
34.7108	-97.2231
35.5342	-97.6471
35.4881	-97.8236
35.02	-94.62
35.4727	-98.0058
36.0396	-95.9846
35.3573	-96.9428
35.2747	-96.6752
36.1612	-97.0857
35.4147	-97.3866
35.93	-95
36.1984	-95.8881
36.3792	-97.7911
36.438	-99.5227
42.509	-123.3886
42.05	-124.2833
42.4153	-124.4249
45.6726	-121.5365
43.9828	-124.1114
43.9308	-123.0067
45.4541	-119.6903
46.1569	-123.8825
44.0946	-121.2002
44.8374	-117.8091
43.595	-118.9564
42.0746	-124.2901
44.4971	-123.2895
45.6769	-121.8789
44.1246	-123.212
44.4042	-118.9625
45.5406	-122.9502
45.8258	-119.2611
44.5833	-124.0667
45.3595	-117.2538
45.2902	-118.0071
42.1611	-120.3991
42.1469	-121.7242
45.5114	-118.4247
42.3811	-122.8722
45.1946	-123.1361
44.0206	-117.0128
44.5804	-124.0579
43.4195	-124.2437
45.6951	-118.8414
45.5908	-122.6003
43.2388	-123.3559
44.2539	-121.15
42.5906	-117.8644
44.6378	-123.0594
43.8763	-121.4531
44.6702	-121.1551
44.287	-120.9038
44.9095	-123.0025
45.77	-122.86
42.6003	-123.3642
45.4182	-123.8144
45.551	-122.4098
45.25	-122.77
40.8095	-75.7615
40.0389	-79.015
40.6508	-75.4492
40.1365	-80.2902
40.3547	-79.9217
40.2964	-78.32
41.3335	-75.7227
41.8031	-78.6401
40.7769	-79.9497
40.7725	-80.3914
40.3892	-75.2905
40.2171	-76.8515
41.18	-78.9
40.333	-75.1223
42.08	-80.18
41.0467	-78.4117
41.3779	-79.8604
41.6265	-80.2147
40.0853	-78.5122
40.9868	-75.9949
40.6322	-79.1055
41.2433	-76.9217
40.3161	-78.8339
40.5703	-75.4883
40.2759	-79.4048
40.1203	-76.2944
40.1376	-75.2651
40.1936	-76.7633
41.1389	-75.3794
39.979	-75.8655
40.4348	-76.5693
41.7279	-77.3965
40.8369	-76.5525
40.2	-75.15
39.9889	-75.5803
41.4125	-78.5026
39.8734	-75.2266
40.4915	-80.2329
40.8009	-80.1624
40.0789	-75.0134
40.8844	-78.0873
40.2383	-75.5572
40.3785	-75.9652
40.6774	-77.6268
39.734	-77.43
40.8206	-76.8639
39.917	-76.873
41.0253	-80.4134
40.4352	-75.3819
40.85	-77.85
39.9581	-79.6575
39.729	-77.43
40.5703	-75.4883
40.7065	-76.3731
41.17	-71.58
41.5971	-71.4121
41.7219	-71.4325
41.9208	-71.4914
41.5324	-71.2815
41.3497	-71.7989
34.687	-81.6412
32.4968	-80.993
33.6494	-81.685
34.4946	-82.7094
32.9951	-81.2703
32.4122	-80.6344
34.6217	-79.7344
33.2578	-81.3883
33.9419	-81.1181
34.2836	-80.5649
34.6719	-82.8868
32.8986	-80.0405
33.7172	-79.857
34.7129	-79.957
33.8118	-78.7239
33.972	-80.9938
34.7893	-81.1958
33.0634	-80.2793
34.3093	-81.6397
34.3155	-81.1088
34.1854	-79.7239
33.3117	-79.3196
34.8461	-82.3461
34.25	-82.16
34.9061	-82.2125
34.7583	-82.3764
34.4031	-80.1192
32.2244	-80.6975
33.8285	-79.1222
32.7009	-80.0029
34.723	-80.8544
34.81	-82.7029
32.8978	-79.7829
34.5071	-81.9472
34.1812	-79.3347
33.1855	-80.0362
33.92	-80.8
33.5871	-80.2087
33.68	-78.93
32.4774	-80.7232
33.4568	-80.8595
32.921	-80.6406
33.995	-80.3613
34.9157	-81.9565
33.97	-80.47
34.45	-79.89
34.9878	-81.0572
33.6117	-81.0701
44.9866	-99.9528
45.2305	-96.566
44.8625	-98.5295
45.6044	-103.5464
44.4187	-103.3777
44.433	-97.5582
45.6689	-96.9914
43.7667	-99.3183
45.45	-98.42
44.914	-97.1547
44.3048	-96.8169
45.815	-97.7428
43.7331	-103.6114
45.03	-102.02
44.7342	-103.862
43.5769	-96.7536
44.3852	-98.2286
43.3903	-99.8422
43.0225	-102.511
45.9187	-102.1062
45.5464	-100.4078
44.016	-97.0859
43.7748	-98.0386
44.05	-101.6
44.3827	-100.286
44.0453	-103.0574
44.1451	-103.1036
43.3902	-99.8421
44.4803	-103.783
43.2585	-100.8595
42.7653	-96.9342
45.9167	-102.1667
42.9167	-97.3859
36.3712	-82.1734
36.5929	-86.4769
35.4817	-84.9322
35.2343	-87.2579
35.279	-89.9315
36.4121	-85.3116
35.1775	-86.0662
36.1189	-86.6892
35.0353	-85.2038
36.6219	-87.415
35.9513	-85.085
35.9638	-83.8737
35.998	-89.4066
35.2061	-89.3929
35.0597	-86.564
36.196	-82.811
35.8578	-83.5287
35.1537	-87.0568
36.089	-88.4654
36.3341	-84.163
36.1824	-86.8867
35.5136	-86.803
35.2007	-90.054
36.1279	-87.4298
35.5834	-89.5872
35.2145	-89.0434
36.3768	-86.4088
36.1904	-86.3157
36.5363	-86.9189
35.8775	-86.3775
35.0611	-89.985
35.5931	-88.9167
35.3973	-84.5626
35.5452	-84.3804
36.1794	-83.3754
36.009	-86.5201
35.5544	-87.1791
35.3567	-89.8703
36.023	-84.2336
36.3359	-88.3844
35.6564	-88.1954
35.9223	-84.6897
35.6987	-85.8438
35.2115	-84.7998
36.4557	-84.5858
35.1703	-88.2167
36.0559	-85.5307
35.5594	-86.4425
35.2029	-88.4984
35.38	-86.2467
36.4752	-82.4074
35.8181	-83.9858
36.3797	-88.9857
36.3751	-86.4084
33.6017	-97.7756
30.2189	-96.3742
26.1283	-92.0333
26.93	-94.68
32.7479	-101.9018
28.825	-97.8656
29.91	-96.95
32.176	-94.2988
29.7239	-98.6946
30.4986	-97.97
28.8571	-100.5135
30.3719	-96.1133
29.6411	-96.5158
32.4317	-98.5948
30.3564	-95.008
30.046	-102.2129
31.2352	-98.717
28.3628	-98.1165
32.4106	-99.6821
31.618	-97.2283
32.9686	-96.8364
32.9716	-97.3179
27.7409	-98.0269
35.2194	-101.7059
26.9688	-99.2489
30.7836	-98.6619
29.2543	-96.1544
32.5205	-94.3078
33.1018	-94.1953
30.3208	-97.7604
30.183	-97.6799
29.5061	-95.4769
29.709	-98.045
31.1793	-99.3239
27.833	-96.014
28.3619	-97.791
35.7009	-101.3937
31.8495	-106.38
32.719	-98.891
27.2067	-98.1211
30.7389	-98.2386
30.0702	-94.2151
35.8893	-101.0301
32.2126	-101.5216
29.9521	-94.0261
28.4936	-95.7244
25.9146	-97.4231
30.1945	-97.6699
31.7936	-98.9565
28.9732	-95.8634
34.4339	-100.2881
30.7157	-96.3314
30.5881	-96.3639
31.6378	-97.0741
31.8411	-99.4036
28.4567	-99.2183
32.3538	-97.4338
28.9086	-93.3016
27.7731	-97.5128
32.03	-96.4
29.3419	-98.8509
33.8578	-98.4904
30.3524	-95.4145
28.5222	-99.8236
32.8471	-96.8518
32.8968	-97.038
36.0226	-102.5473
31.307	-95.4038
29.3595	-100.778
29.3742	-100.9272
33.205	-97.2006
35.858	-102.013
30.068	-95.5562
32.421	-99.855
30.5271	-98.3588
31.5825	-102.909
32.3311	-102.5295
30.384	-103.684
31.1989	-101.4725
36.221	-101.1945
32.9746	-102.84
26.4417	-98.1222
29.9469	-100.1738
30.3926	-97.5621
29.6073	-95.1588
29.6006	-96.3219
31.8111	-106.3758
27.8186	-94.3228
29.9767	-99.0855
32.4135	-98.8098
33.6131	-96.1793
34.2257	-99.2838
32.1417	-94.8517
31.8316	-94.1564
32.1638	-95.8284
32.9306	-96.4355
30.9119	-102.9167
28.2086	-100.0188
32.8198	-97.3624
32.5651	-97.3084
32.4444	-97.8169
31.8331	-104.8098
32.384	-94.7115
32.6639	-97.0943
33.6514	-97.1969
29.2653	-94.8604
32.6753	-102.6527
31.4213	-97.797
32.6988	-97.0469
31.07	-97.83
30.6808	-97.6767
27.3039	-93.5383
33.0678	-96.0653
29.1302	-94.5466
28.5767	-94.9767
30.17	-96.98
26.129	-94.898
33.7141	-96.6737
32.3658	-99.0237
27.3496	-98.7369
29.3594	-99.1742
35.895	-100.404
26.9392	-94.6886
31.1387	-97.7145
29.6375	-95.2824
27.962	-93.6708
32.747	-96.5304
26.2285	-97.6544
34.8578	-102.3264
29.8928	-97.863
29.9844	-95.3607
27.5509	-98.0309
31.0858	-97.6865
32.0836	-97.0972
31.78	-103.2
30.8857	-94.0349
30.5108	-99.7664
32.7422	-95.4965
31.87	-95.22
32.4561	-96.9125
32.7	-94.95
33.6636	-101.8228
33.5932	-95.0636
29.1086	-95.4621
31.234	-94.75
30.87	-96.62
33.5525	-102.3725
32.5792	-96.719
27.5438	-99.4615
33.2542	-97.5805
32.7563	-101.9202
29.5189	-95.2417
31.6412	-96.5145
31.1062	-98.1959
31.9466	-102.2075
29.714	-95.395
32.0365	-102.101
26.1758	-98.2386
27.2917	-96.7367
31.92	-98.6
31.6659	-98.1486
30.37	-104.02
32.7816	-98.0602
27.7269	-96.1911
32.781	-97.4365
27.6926	-97.2911
28.2361	-98.7242
27.9011	-98.0517
27.5072	-97.8097
31.5778	-94.7094
31.9206	-102.3867
26.8328	-96.94
30.0692	-93.8036
33.0956	-94.9614
30.7353	-101.203
31.38	-103.51
28.9542	-98.52
26.1597	-97.3378
28.654	-96.681
35.613	-100.9962
29.6342	-104.3615
33.6366	-95.4508
31.7797	-95.7063
28.73	-96.25
34.1682	-101.7173
31.4849	-97.3165
36.414	-100.75
27.81	-97.09
32.68	-96.87
27.7785	-97.6905
32.1417	-94.8517
28.0836	-97.0464
29.53	-98.28
29.7	-93.95
33.11	-98.555
30.5155	-96.7041
30.4967	-97.9659
29.5337	-98.4698
32.2153	-98.1777
29.5658	-97.9083
29.6222	-95.6565
33.9667	-98.4833
31.3517	-100.495
29.3842	-98.5811
33.16	-95.62
32.6934	-100.9505
30.5857	-100.6486
26.0706	-97.1572
33.9786	-98.4928
29.337	-98.471
32.4674	-100.4666
29.528	-97.4614
30.8794	-96.9711
26.1776	-97.9731
28.0386	-97.5425
29.126	-100.481
30.5726	-97.4432
29.6341	-104.3616
30.0778	-94.6986
30.2432	-98.9092
29.3419	-98.8509
27.913	-97.2115
33.18	-96.59
29.805	-95.8979
31.1525	-97.4078
32.71	-96.27
26.1775	-97.9731
32.3541	-95.4024
30.7469	-95.5872
29.2113	-99.7436
27.3536	-94.6253
28.8614	-96.9303
31.0578	-104.7838
33.1753	-97.8284
40.4818	-111.4288
40.9861	-109.6785
39.3314	-111.6126
37.6167	-109.4667
38.371	-110.715
40.2783	-110.0513
37.7064	-112.1456
37.5828	-109.4831
41.5524	-112.0622
37.7	-113.1
38.755	-109.7548
40.1974	-112.935
39.3806	-112.5077
37.0364	-113.5103
40.7187	-114.0309
38.9581	-112.3631
40.47	-111.43
41.1239	-111.973
38.418	-110.704
37.0111	-112.5312
41.7913	-111.8516
38.4266	-113.0125
41.1957	-112.0129
39.6092	-110.7547
40.2192	-111.7234
40.1664	-113.3497
37.0364	-113.5103
40.78	-111.97
40.145	-111.6677
40.3167	-112.3
40.6126	-112.3508
39.7366	-111.87
41.05	-113.0667
39.3375	-112.5861
39	-110.1667
40.6196	-111.9902
38.2307	-112.6753
37.8511	-112.3911
37.9324	-109.3412
40.1919	-110.381
37.4353	-110.5642
40.4409	-109.5099
44.42	-72.02
43.9855	-73.0955
44.47	-73.15
44.5691	-72.018
42.8935	-73.2486
44.8888	-72.2292
44.9403	-73.0975
44.2035	-72.5623
44.5346	-72.614
43.53	-72.95
43.3436	-72.5173
37.1417	-79.0164
36.6541	-83.2178
37.9658	-77.7459
38.6557	-78.7081
36.9839	-77.0072
36.6883	-78.0545
37.2076	-80.4078
37.0742	-77.9575
38.1386	-78.4529
38.5267	-77.8589
36.6656	-76.3207
36.7883	-78.5016
38.715	-77.181
36.5729	-79.3361
38.8472	-77.0346
36.6869	-77.4828
38.2662	-77.4494
37.1325	-76.6088
37.4064	-77.5248
36.6981	-76.9038
38.9175	-78.2535
37.3575	-78.4378
37.5211	-76.7647
38.156	-78.1658
38.7214	-77.5154
36.7661	-80.8236
37.9514	-79.8339
38.5863	-77.7106
38.9348	-77.4473
37.0638	-81.7983
37.2392	-76.7161
39.078	-77.5575
37.0828	-76.3605
38.01	-77.97
36.9875	-82.53
38.6671	-78.5006
36.7728	-77.7943
37.3208	-79.2067
37.6469	-75.7611
36.8949	-81.3499
36.6272	-80.0133
36.695	-76.1356
36.9375	-76.2893
36.8207	-76.0335
38.5017	-77.3053
37.7089	-77.4366
39.1435	-78.1444
38.2472	-78.0456
36.9033	-76.1922
37.1319	-76.493
37.1374	-80.6785
37.1838	-77.5074
36.7801	-76.4488
37.5115	-77.3234
38.3981	-77.4555
37.3172	-79.9737
36.6824	-76.6019
38.2638	-78.8964
37.8251	-75.9978
38.3667	-78.9603
36.6871	-82.0333
38.0769	-78.9444
36.9601	-78.185
38.6671	-78.5006
36.5958	-78.5601
37.6024	-76.4467
36.71	-78.848
37.181	-78.0983
37.5032	-77.1255
37.9406	-75.4631
37.8596	-76.8941
48.0538	-122.8106
46.8	-120.1667
46.3271	-119.9704
46.66	-120.45
47.922	-119.083
48.5442	-117.8835
46.0948	-118.289
48.1608	-122.159
47.53	-122.3
48.7927	-122.5375
48.47	-122.42
48.122	-123.5066
46.677	-122.9827
48.55	-117.8833
47.9689	-117.4211
45.6186	-121.1673
47.399	-120.207
47.033	-120.5307
47.3081	-119.5147
48.522	-123.0244
47.6216	-117.528
47.08	-122.58
46.5667	-119.6
46.9712	-123.9366
46.12	-122.9
47.2086	-119.3191
48.1413	-123.414
48.1833	-122.6333
48.3518	-122.656
48.2515	-122.6737
46.9733	-122.9033
48.4644	-119.5181
48.71	-122.91
47.907	-122.2816
47.1039	-122.2872
46.2647	-119.119
46.7439	-117.1096
47.4902	-122.7648
46.3015	-119.3012
47.4931	-122.2158
48.4249	-120.1459
47.4447	-122.3144
47.6828	-117.3226
47.2336	-123.1476
47.6151	-117.6558
47.2767	-121.3372
47.1377	-122.4765
46.4772	-122.8065
47.2675	-122.5761
47.9366	-124.5626
45.6204	-122.6565
46.5682	-120.5441
38.9146	-82.0986
38.687	-80.6518
37.8557	-81.9159
37.7873	-81.1242
37.2958	-81.2077
39.2966	-80.2281
38.3794	-81.59
38.8853	-79.8528
40.175	-80.6463
38.365	-82.555
37.6	-81.56
37.8583	-80.3995
39.6429	-79.9163
39.4019	-77.9847
39.3395	-81.4438
39.0005	-80.2737
38.9949	-79.1459
45.3883	-86.924
45.1357	-87.1881
46.7887	-90.7587
42.7972	-88.3726
43.8387	-90.1377
45.1542	-89.1107
45.9279	-89.7309
46.5487	-90.9189
44.2581	-88.5191
44.9262	-89.6266
44.2507	-90.8553
42.6907	-88.3046
43.1143	-89.5315
43.5259	-89.9832
44.6139	-88.7314
43.9584	-90.7379
44.7776	-89.6668
46.1202	-89.8822
43.522	-89.771
44.8658	-91.4843
42.6149	-89.5904
45.9323	-89.2683
42.595	-87.9381
43.4222	-88.1279
44.7854	-88.5655
43.7712	-88.4884
44.4794	-88.1367
46.0253	-91.4442
44.3592	-89.8369
42.6202	-89.0416
46.154	-89.2121
43.2119	-90.1798
43.88	-91.25
44.8923	-91.8678
45.1008	-90.3033
44.6369	-90.1893
42.9472	-87.8967
42.8868	-90.2362
43.1406	-89.3453
44.1288	-87.6806
43.1104	-88.0344
44.8742	-87.9096
45.3086	-92.69
46.3174	-91.8159
43.9844	-88.557
43.1561	-90.6775
45.7089	-90.4025
44.3333	-89.0198
43.0193	-91.1237
42.6894	-90.4444
42.7611	-87.8136
45.4968	-91.0005
45.6312	-89.4675
45.1483	-92.5381
45.4201	-91.7733
45.1989	-89.7129
43.1696	-88.7232
45.8227	-92.3725
43.7698	-87.8517
44.5451	-89.5303
44.8437	-87.4216
46.6897	-92.0947
45.469	-89.8057
45.506	-91.9811
43.041	-88.2371
43.4265	-88.7038
43.9392	-90.2532
45.3106	-91.6381
44.0416	-89.3045
43.5794	-90.8965
43.1846	-111.0424
41.1533	-104.1302
42.7112	-110.9422
43.674	-110.031
41.71	-106.21
43.9333	-105.45
41.65	-108.5833
42.5851	-110.1112
41.9333	-104.95
42.5833	-108.2833
44.38	-106.72
44.75	-109.37
41.5333	-109.4667
44.5202	-109.0238
42.908	-106.4644
41.7167	-107.7833
41.1556	-104.8105
42.7972	-105.3858
44.2167	-106.1
42.8333	-105.8667
43.5484	-109.6903
41.0374	-107.4925
42.0555	-104.9286
43.8854	-104.3179
41.7253	-106.4594
41.8241	-110.557
41.2731	-111.0306
41.3941	-110.4059
41.1333	-104.8672
41.3	-110.7667
42.5134	-108.7772
44.3489	-105.5394
44.5168	-108.0828
41.43	-104.34
42.2597	-104.7283
43.1	-107.3167
43.7136	-108.3897
43.9333	-106.65
44.3	-104.6333
43.6128	-110.737
44.15	-107.17
41.3121	-105.675
42.8152	-108.7298
42.7538	-104.4046
44.5444	-110.4211
42.5667	-106.85
44.5667	-106.8167
42.7955	-109.8071
44.8672	-108.7934
41.05	-105.4667
43.1	-110.32
43.0642	-108.4598
41.5942	-109.0652
41.8056	-107.1999
41.4435	-106.8275
41.79	-110.5
41.93	-109.96
44.77	-106.97
42.45	-105.0333
41.13	-106.56
43.4646	-108.2384
43.1167	-106.3333
42.0647	-104.1528
44.9117	-108.4455
41.15	-105.4
44.6629	-104.5678
43.9657	-107.9508
41.41	-104.87
