34.80833 -98.02325
34.79851 -96.66909
34.58722 -99.33808
36.70823 -98.70974
34.24967 -95.66844
34.91418 -98.29216
34.19258 -97.08568
36.07204 -99.90308
36.80253 -100.53012
35.40185 -99.05847
35.96305 -95.86621
36.75443 -97.25452
36.69256 -102.49713
36.41201 -97.69394
35.78050 -96.35404
34.04330 -94.6244
36.83129 -99.64101
36.63459 -96.81046
33.89376 -97.26918
35.59150 -99.27059
34.84970 -97.0033
36.02866 -99.34652
36.14730 -97.28585
34.60896 -96.33309
35.65282 -96.80407
36.74813 -98.36274
35.54615 -99.7279
35.03236 -97.91446
34.65657 -95.32596
34.22321 -95.2487
35.68001 -94.84896
36.90987 -95.88553
33.92075 -96.32027
35.33353 -99.39398
35.54848 -98.03654
35.20494 -99.80344
35.30324 -95.65707
36.921853 -101.78158
34.55205 -96.71779
36.84053 -96.42777
36.72562 -99.14234
35.14887 -98.46607
36.60183 -101.6013
34.239444 -98.743583
35.84891 -97.47978
35.74798 -95.64047
35.84162 -96.0024
35.48439 -98.48151
34.98971 -99.05283
35.07073 -96.35595
34.68550 -99.83331
36.85518 -101.22547
34.03084 -95.54011
33.83013 -94.8803
36.14246 -95.45067
36.48210 -94.78287
36.82937 -102.8782
34.52887 -97.76484
35.85431 -97.95442
36.38435 -98.11139
34.30876 -95.99716
34.03579 -96.94394
34.83592 -99.42398
36.06434 -97.21271
36.98707 -99.01109
34.88231 -95.78096
36.79242 -97.74577
34.72921 -98.56936
36.88832 -94.84437
35.27225 -97.95553
36.11685 -97.60685
34.31072 -94.82275
36.89810 -96.91035
34.22810 -97.20142
36.74374 -95.60795
35.23611 -97.46488
36.03126 -96.49749
35.47226 -97.46414
35.43172 -96.26265
35.58211 -95.91473
34.71550 -97.22924
36.36114 -96.76986
35.99865 -97.04831
35.82570 -95.55976
36.36914 -95.27138
35.89904 -98.96038
36.35590 -97.15306
34.19365 -97.58812
35.43815 -94.79805
36.19033 -99.0403
35.17660 -96.70028
35.36492 -96.94822
36.41530 -96.03706
36.59749 -100.26192
35.54208 -97.34146
35.26527 -95.18116
36.12093 -97.09527
34.87642 -96.06982
34.56610 -96.95048
35.97235 -94.98671
36.57431 -95.74515
34.71070 -95.01152
34.43972 -99.13755
34.33262 -96.67895
36.19666 -95.93883
33.938606 -95.114913
36.77536 -95.22094
34.39957 -98.34569
34.98224 -97.52109
35.84185 -98.52615
34.16775 -97.98815
35.50830 -98.77509
35.515148 -95.149933
36.01100 -94.64496
34.90092 -95.34805
34.98426 -94.68778
36.42329 -99.41682
36.51806 -96.34222
35.55671 -97.75538
36.23003 -100.268518
35.898420 -100.383624
35.692165 -100.628077
35.429347 -100.265477
35.052349 -100.361120
34.862575 -100.196835
34.542669 -100.437199
34.336064 -99.879003
34.224137 -100.444912
34.011888 -100.288842
33.865163 -100.076816
34.005922 -99.712331
34.343267 -99.415142
33.841073 -99.768415
33.923156 -98.449267
33.982007 -99.214525
33.835704 -98.190672